2057.00

2059.50

2056.30

2058.00

2057.60

2057.60

2058.20

2056.80

2057.40

2085.30

2282.70

2283.80

2277.70

2280.90

2281.60

2235.00

2280.10

2292.10

2293.30

2295.40

2296.30

2295.20

2294.60

2296.20

2294.40

2058.40

2058.10

2059.00

2058.10

2058.00

2316.00

2426.10

2426.30

2428.30

2428.40

2432.80

2431.20

2431.10

2431.80

2428.00

2429.10

2432.90

2060.40

2059.50

2059.70

2059.70

2058.70

2058.10

2057.00

2057.10

2056.50

2057.90

2338.00

2619.80

2621.80

2618.90

2620.00

2611.00

2612.60

2620.50

2621.20

2619.10

2621.00

2620.60

2147.30

2058.30

2060.90

2058.80

2058.70

2057.70

2057.50

2056.30

2059.40

2059.40

2057.60

2289.90

2288.00

2287.00

2288.10

2284.40

2284.40

2282.90

2170.00

2056.20

2061.50

2059.60

2059.50

2056.60

2057.20

2057.70

2058.10

2086.60

2440.70

2434.80

2428.50

2438.20

2438.50

2439.10

2440.70

2436.00

2418.50

2395.90

2400.90

2407.30

2415.40

2428.30

2408.40

2415.30

2441.60

2440.10

2442.00

2437.00

2439.00

2443.20

2430.70

2420.50

2437.20

2061.10

2059.70

2053.20

2057.40

2056.70

2057.00

2058.80

2060.00

2057.00

2058.00

2059.60

2464.50

2581.40

2618.00

2619.50

2618.30

2620.70

2620.30

2618.90

2619.00

2615.30

2604.20

2609.30

2520.60

2058.50

2059.70

2063.50

2058.40

2057.30

2055.90

2058.10

2057.40

2271.30

2287.70

2289.40

2287.60

2289.20

2287.60

2286.80

2293.30

2160.20

2058.10

2055.40

2057.90

2056.20

2058.40

2058.20

2057.60

2056.80

2235.40

2282.30

2280.10

2271.20

2286.50

2293.70

2294.40

2295.20

2283.50

2293.40

2294.30

2293.10

2294.40

2293.70

2291.70

2295.20

2280.90

2059.50

2059.60

2057.40

2058.20

2121.70

2434.40

2433.40

2442.00

2440.50

2439.80

2429.00

2436.40

2436.50

2436.50

2436.60

2435.30

2435.50

2434.40

2148.60

2058.30

2059.50

2057.70

2055.20

2057.10

2551.60

2598.20

2617.20

2617.10

2617.40

2618.00

2617.50

2617.00

2599.30

2614.70

2616.90

2617.50

2616.50

2618.30

2619.00

2618.40

2100.40

2059.40

2059.50

2059.80

2057.10

2056.90

2058.50

2057.80

2057.80

2059.60

2056.00

2057.10

2058.10

2056.00

