2060.10

2060.80

2059.80

2059.10

2061.70

2059.90

2060.70

2058.90

2059.80

2058.50

2059.50

2060.10

2064.10

2059.80

2059.70

2059.20

2061.90

2059.10

2060.70

2059.70

2062.30

2060.30

2062.20

2058.50

2059.40

2058.60

2059.40

2060.80

2175.60

2269.40

2292.30

2290.80

2293.60

2292.40

2286.10

2295.50

2294.00

2295.10

2295.10

2295.10

2294.70

2293.70

2292.50

2292.90

2293.70

2289.20

2291.90

2288.70

2133.80

2061.20

2060.00

2061.90

2061.70

2059.80

2059.40

2059.50

2059.90

2058.50

2060.50

2059.10

2059.70

2062.00

2061.00

2059.60

2059.50

2058.50

2084.10

2366.10

2359.50

2358.70

2360.80

2356.90

2356.00

2343.20

2339.30

2335.90

2335.30

2338.90

2341.80

2336.20

2332.80

2327.40

2328.80

2328.70

2321.60

2323.80

2357.30

2354.40

2356.30

2352.90

2354.90

2356.20

2359.20

2361.70

2361.50

2360.60

2361.50

2156.30

2060.40

2059.70

2061.10

2061.00

2059.90

2060.20

2057.90

2060.70

2058.50

2440.80

2582.10

2569.50

2579.10

2577.40

2567.30

2558.90

2556.60

2549.60

2567.60

2584.30

2567.90

2555.40

2546.30

2539.90

2536.30

2575.90

2582.40

2589.90

2588.00

2571.30

2567.20

2560.40

2554.10

2551.60

2551.10

2550.80

2571.20

2570.90

2570.60

2565.80

2566.90

2562.90

2559.90

2578.80

2580.50

2574.50

2578.70

2577.00

2581.00

2588.80

2587.00

2588.00

2587.90

2585.60

2587.80

2587.60

2588.10

2585.40

2466.00

2063.30

2059.10

2061.90

2059.80

2057.00

2058.10

2060.40

2058.40

2059.50

2060.90

2059.00

