2060.70

2058.80

2057.30

2057.50

2057.60

2058.50

2058.90

2057.10

2060.50

2059.10

2061.00

2060.90

2057.50

2057.40

2057.70

2060.80

2108.00

2279.60

2267.50

2288.40

2282.40

2284.30

2287.30

2276.90

2289.70

2283.20

2288.60

2291.80

2291.30

2293.90

2291.30

2289.60

2290.00

2288.70

2288.60

2290.60

2289.90

2290.70

2290.20

2289.60

2290.30

2290.00

2082.20

2059.50

2056.00

2057.40

2058.40

2058.80

2058.00

2210.70

2425.30

2427.80

2436.30

2436.30

2435.20

2434.60

2429.50

2417.80

2419.50

2422.80

2424.60

2397.90

2440.50

2441.90

2442.40

2442.90

2443.30

2441.40

2442.20

2441.20

2440.80

2438.60

2440.20

2397.30

2434.40

2439.20

2433.40

2433.80

2440.40

2440.20

2273.10

2059.90

2059.80

2058.10

2058.10

2055.20

2057.20

2059.20

2058.90

2391.80

2621.10

2621.10

2617.90

2620.70

2619.10

2620.50

2621.50

2620.70

2617.30

2618.30

2619.90

2618.40

2620.20

2620.60

2619.90

2617.70

2618.40

2619.80

2620.80

2620.80

2618.70

2620.10

2618.70

2137.10

2059.80

2059.40

2058.90

2057.30

2058.30

2058.00

2057.70

2058.10

2056.90

2057.90

2057.00

2058.50

2060.10

2058.10

2058.80

2200.70

2265.80

2293.70

2291.10

2293.70

2293.80

2294.10

2284.00

2282.80

2292.70

2295.00

2293.80

2294.80

2293.50

2295.00

2277.80

2292.90

2294.60

2292.30

2296.70

2293.40

2236.20

2295.50

2116.90

2059.70

2059.30

2058.00

2057.40

2213.40

2435.30

2437.20

2432.40

2436.50

2434.40

2415.90

2426.90

2437.60

2435.40

2439.20

2439.50

2439.90

2430.70

2434.10

2436.80

2433.90

2438.80

2436.30

2438.30

2436.30

2437.40

2431.50

2436.10

2439.10

2436.20

2438.10

2095.70

2058.90

2060.20

2057.60

2059.50

2058.10

2058.50

2058.10

2573.70

2618.10

2620.70

2619.10

2617.10

2619.80

2618.00

2619.00

2619.40

2619.20

2613.70

2061.00

2058.80

2059.00

2058.20

2058.90

2058.90

2058.00

2058.60

2058.00

2058.70

2058.60

2058.70

2057.30

2059.20

2059.40

